470096
1504668
236234
1314669
1507870
1043003
1392243
578093
703497
675120
2082308
1314670
1346257
703511
765868
1048519
253628
1182543
767769
2060905
158046
364733
1670608
116794
112416
1940652
546991
2082293
1198029
97331
341454
1408157
158607
1671311
452589
644352
1658444
1262450
367110
1286976
1001833
686832
944288
436010
1314781
930991
930990
990650
670483
27342
933084
1314783
1883078
933852
56493
1314777
1330018
215250
43049
56615
84751
671144
578462
1555241
329046
684364
645134
2340872
4874
658196
144538
979708
1314790
215637
796925
61424
763665
78915
6412
6347
2740835
334625
32264
123851
7574
10212
7906
1534307
158456
118154
238744
8090
181472
173247
7994
106582
7950
7957
52670
7932
8010
8049
47308
29144
8005
586833
375764
56723
113540
283035
244447
8019
7918
337641
8175
205130
94237
8355
260995
7719
223781
219594
243314
202946
153643
118183
1352770
8790
425635
2585816
458196
8932
342381
1118519
100819
1109041
9031
37040
54356
103956
30419
321398
110676
9218
545262
9252
37079
2489341
37083
257818
441894
30464
56311
113115
75743
7868
137246
27687
8508
103695
7741
9771
391180
89673
9305
13616
38626
9365
9986
9258
9793
9515
9785
10090
246437
127582
1230840
7764
7897
38654
8478
6105
317549
46731
6087
252671
133434
7668
206669
45954
6550
6565
6573
6645
158019
400727
100452
2011161
6279
51031
241478
13658
6335
70667
117903
282301
147828
59628
6183
400682
1234261
388466
1473598
2741543
2283092
2818388
1855912
1229780
1766
326424
2559608
37633
1761803
619741
2576308
60450
664692
1695166
1434837
266117
661478
303405
556484
159749
2259036
1079859
874423
760192
2592345
2778364
266149
5949
2107694
251229
1828822
2692826
1828648
1400865
694435
37360
670386
44689
1407
182264
1639882
2903
2081491
2315210
946362
2562237
72520
667725
44056
2880
303371
2606439
65357
29920
1485010
1202772
2774151
886293
1930274
1936112
2172650
2511166
2029849
282683
92933
295089
272560
1121001
52441
2569543
1920190
2303987
1329800
1987723
1547515
1760988
1217656
349521
53407
28173
84531
1971216
2786
130081
2769
448386
2169593
2006848
2824561
3055
2650976
1764295
3076
121088
3218
3225
69332
105231
88036
51605
79200
51953
94219
4232
3562
458696
561372
3661
325984
1590841
3827
51240
13443
4182
337451
3983
66656
71139
3775
15368
4432
218851
3760
85681
63787
4097
13715
29760
214687
3197
13818
