470096
1504668
236234
1314669
1507870
1043003
1392243
578093
703497
675120
2082308
1314670
1346257
703511
765868
1048519
253628
1182543
767769
2060905
158046
364733
1670608
116794
112416
1940652
546991
2082293
1198029
97331
341454
1408157
158607
1671311
452589
644352
1658444
1262450
367110
1286976
1001833
686832
944288
436010
1314781
930991
930990
990650
670483
27342
933084
1314783
1883078
933852
56493
1314777
1330018
215250
43049
56615
84751
671144
578462
1555241
329046
684364
645134
2340872
4874
658196
144538
979708
1314790
215637
796925
61424
763665
78915
