236234
1182543
1670608
112416
342668
1198029
97331
341454
158607
686832
1330018
215250
56615
84751
671144
578462
645134
2340872
658196
979708
1314790
215637
796925
61424
763665
78915
6412
283909
2740835
123851
7574
10212
158456
8355
7719
219594
7868
27687
103695
7741
9771
7764
6105
252671
133434
7668
206669
6565
6645
225164
6279
6335
70667
117903
282301
147828
400682
2762512
388466
2283092
2818388
1855912
1229780
1766
266117
661478
303405
159749
2044936
2259036
1079859
874423
760192
2592345
2778364
266149
5949
694435
37360
44689
1407
182264
1639882
2315210
946362
2562237
72520
667725
44056
2880
303371
2606439
886293
2172650
272560
1920190
745411
1971216
130081
448386
2169593
2006848
2824561
3055
1764295
3076
121088
3218
69332
105231
88036
51953
3197
13818
