470096
1176131
1504668
1176127
236234
1314787
1314669
1314780
1507870
1043003
1392243
578093
703497
1314786
675120
766039
2082308
1168546
1314670
390894
574774
1314779
1346257
703511
1392246
1448308
765867
1513339
706981
205686
1460663
1392245
1168545
1469910
1231657
1314788
690887
765868
1314802
97972
2821754
1314801
5599
318751
682080
256645
390896
1048519
1048955
253628
50376
1220924
1182543
767769
519963
264951
441960
2060905
554155
392613
246410
158046
364733
1670608
116794
112416
1940652
546991
857342
503106
1072389
1116229
2082293
353542
1316788
149040
1763456
2656787
914237
2070412
332648
354080
913774
342668
1198029
97331
1160509
341454
1392247
1051890
1250544
1336337
1408157
660469
158607
2025994
694573
1671311
27337
160324
1291518
1081108
452589
1279085
2060973
1283841
644352
148305
1035309
1658444
1093900
1262450
2823209
515849
367110
1286976
1287681
1001833
196109
1141098
1229662
77044
1400762
703135
181874
686832
179855
1128425
39966
1381753
658473
1447944
47427
5323
230819
1884261
97359
685588
1095629
944288
436010
717982
1314781
495285
2615122
741705
930991
870435
1314800
1036808
936435
930992
930990
170446
1448309
2600232
990650
670483
2282107
27342
933084
670580
1314783
1052685
5627
1314785
98765
48140
114155
2447956
747525
1883078
1314672
152965
933852
56493
1330018
1280837
215250
43049
708437
747676
56615
1389203
1882483
84751
671144
578462
765915
1555241
329046
109895
645134
1003232
1176355
40302
948595
1358809
291195
2340872
1348612
4874
658196
144538
979708
1314790
215637
796925
61424
133412
763665
1712513
78915
