   -0.48134332
    0.14906682
   -0.10961660
   -0.39924987
   -0.06293902
    0.07686396
   -0.28694949
    0.02194123
    0.09479366
   -0.16062160
    0.33845830
    0.11507369
    0.11843261
    0.12668966
    0.26755215
    0.10191237
    0.10481175
   -0.46432390
    0.15296831
   -0.10751962
   -0.38227585
   -0.06120704
    0.08423897
   -0.28961639
    0.02489858
    0.09100820
   -0.15106083
    0.33761224
    0.09921860
    0.12899000
    0.11533082
    0.22687667
    0.14352388
    0.10317070
   -0.47573020
    0.15229133
   -0.11415622
   -0.39923445
   -0.06100652
    0.07838461
   -0.28574248
    0.02438254
    0.08901350
   -0.15573171
    0.33382647
    0.08611463
    0.12422661
    0.10668128
    0.22711431
    0.10627264
    0.09955145
   -0.48765772
    0.15328021
   -0.11134365
   -0.41253353
   -0.06190198
    0.08499809
   -0.28954079
    0.02545735
    0.09591628
   -0.16699732
    0.34129840
    0.10167624
    0.12110003
    0.12713851
    0.22800031
    0.09662367
    0.10454271
   -0.44724011
    0.15030961
   -0.09698509
   -0.38449121
   -0.06427182
    0.08330706
   -0.29839058
    0.02015846
    0.09270447
   -0.14703654
    0.32637909
    0.11502219
    0.12680719
    0.12215287
    0.22772777
    0.14340854
    0.13568602
   -0.49524372
    0.15189338
   -0.10664512
   -0.38259658
   -0.05854467
    0.07702115
   -0.30353252
    0.02672360
    0.08678560
   -0.16588847
    0.34055480
    0.11174191
    0.11681223
    0.12415776
    0.24542949
    0.12649456
    0.09518358
    0.26459584
    0.26732781
   -0.28947377
   -0.29106897
