DATASET_BINARY
SEPARATOR COMMA
DATASET_LABEL,binary
COLOR,#ff0000
FIELD_SHAPES,1,1,1,5,5,2,2,3,6
FIELD_LABELS,0_methoxylations,1_methoxylation,2_methoxylations,Short_fungal,Long_fungal,Monophenolase_activity,Diphenolase_activity,Nitrosation_activity,Tioether bond
FIELD_COLORS,#00FFFF,#FF0000,#008000,#00FFFF,#FF0000,#00FFFF,#FF0000,#000000,#000000
DATA
1WX2,1,0,-1,-1,-1,1,1,-1,0
3NM8,1,0,-1,-1,-1,1,1,-1,0
2P3X,1,0,-1,-1,-1,1,1,-1,1
1BT3,-1,-1,-1,-1,-1,0,1,-1,1
4OUA,1,0,-1,0,1,1,1,0,1
3W6Q,1,-1,-1,0,1,1,1,-1,1
3HHS_1,-1,-1,-1,-1,-1,-1,-1,-1,0
3HHS_2,-1,-1,-1,-1,-1,1,1,-1,0
3WKY,-1,-1,-1,-1,-1,1,1,-1,0
1HCY,-1,-1,-1,-1,-1,0,0,-1,0
1NOL,-1,-1,-1,-1,-1,0,0,-1,0
1JS8,-1,-1,-1,-1,-1,0,0,-1,1
1LNL,-1,-1,-1,-1,-1,0,0,-1,1
4J3P,1,1,-1,1,0,1,1,-1,0
XP_001221473.1,0,1,1,1,0,1,1,-1,-1
XP_001224266.1,0,1,1,1,0,1,1,-1,-1
XP_003659809.1,0,1,0,1,0,1,1,-1,-1
XP_003666010.1,1,1,0,1,0,1,1,-1,0
CAI4219580.1,0,1,0,1,0,1,1,-1,-1
XP_003662515.1,0,1,1,1,0,1,1,-1,-1
2Y9X,1,0,0,0,1,1,1,0,-1
BAJ08174.1,-1,-1,-1,-1,-1,1,1,1,-1
6HQI,-1,-1,-1,-1,-1,1,1,-1,-1
Q08307,-1,-1,-1,-1,-1,0,1,-1,-1
6ELS,-1,-1,-1,-1,-1,1,1,-1,-1
Q93XM8,-1,-1,-1,-1,-1,1,1,-1,-1
T1W3L4,-1,-1,-1,-1,-1,1,1,-1,-1
4Z0Y,-1,-1,-1,-1,-1,1,1,-1,-1
NP_001053932.1,-1,-1,1,-1,-1,-1,-1,-1,-1
NP_524760.1,-1,1,1,-1,-1,-1,-1,-1,-1
NP_035791.1,-1,1,1,-1,-1,-1,-1,-1,-1
5M8L,-1,-1,-1,-1,-1,-1,-1,-1,-1
